140724196208070153
140622196706190010
142124196211051817
140603196302104914
142131196201077013
340827199401062353
140428200504079249
14223419710420602X
140723200512170039
140212196303092710
142121196402112919
140211196611055237
140623196311044533
140122196804251115
142131196203050519
142121195510182135
411424201011300078
142202196401114978
140424200510150018
140431196211280028
142602451113151
142202197208010899
140322196205294819
142131196511092016
142629197002083912
142433197310170747
140322196302094210
140203381008323
140623196809234561
412327194905102064
142124196809139012
142729195510034523
140422194206204017
140112570209241
140302420202163
142227196906074112
140311196006301829
142623400922432
140203197208231215
140203196111242925
140221196110206212
140402340118322
140224195612251819
140402650623202
142621460505512
140422194811152825
140104195512270819
372301196710171425
140426196208226417
142201196212080370
142630401220102
140221196108283710
140981197603120010
140721196303110046
140725200906050024
14273119660614482X
142223197912092113
142202196302210964
140402200806280067
142433196811080710
140227200305250018
142233196402215214
140423370924122
610323196706241132
142332196403152816
140112540818172
140422195308172815
142725240417482
140227196903190036
140525198402171921
142228196110243511
140623196403150034
142123197304275826
142430196006291639
142430196312272014
142125196406144016
140203521111046
142701351017122
140425197112271211
411123196411252523
142401500310241
142123197411291514
142132195801082010
140203681101191
140423192810010822
140426197705016415
142729195904260021
140227195808021133
140624196208092517
140181200609210034
142202196010212570
142324280710232
140103320105334
140311490330302
140227196009060018
13232319331116042X
142724581010164
140223196505075539
142131197111252513
140212196706301871
140203200308210424
142726500403062
140112550525241
140311440702301
140111560328371
140103551128151
142732195805276827
142727195706276011
140428500204402
142733196111280048
142621470710292
142725530727482
142601570314134
142601197212102863
142621410918001
410621196503123511
14260319650726207X
140481197208125228
140181200301304720
140411201511140033
140411200310150425
142227197608181619
140411200911030023
140411196412315623
140113431031351
142132196403284412
140481200608262859
142423196709153917
142726501215366
142724470816082
142724450827081
14222719640419101X
140202410820255
142301196212131065
140423200707070111
140428381115002
140422195004292818
140481196301215215
140423200309090029
142123196602051017
142131196008297516
140303197410150430
140428200411079231
14030319601231161X
140112570710128
140425200310014018
140303200812020043
140423200905240054
370782621121556
140423200306305629
14042619701019643X
142726590508061
142125195606182813
140427199502048244
140725200610220012
140427197208014044
140621195804264633
142124310223063
140411195910060462
140603196105164715
142733193409162147
140525196509150021
140426197503146414
142726420312061
140427196307152448
140411201003280064
140430196202097225
13302619270920302X
140203200410093930
142330360220552
142129193308245448
142201540629004
372930196710095156
140429500208721
140103470827334
142424196411154112
142332196109205614
142131196807052523
142131196411124017
142228197104177452
140422193704134029
140603197108274957
140203196402271523
142124196505194717
142329197806291729
141082196710100107
140424200407040822
142726370302062
142123196302251017
140311197006303335
142124196208182437
140203200311127015
142229195909243338
140203193212225928
142122196706118013
14062119630906281X
14212319540805501X
142227195711054520
14212119600125051X
140303196808301214
142202196702150972
142228196009262515
140222196208201512
142229196411280523
142124196408171812
140212196811073620
140321200804100062
142202196801100874
140427196302253653
142124196612034217
142125196710083115
140581401124363
140603196111172412
140502690912152
140203197402083922
132525197002190416
140303197710120831
14213219671110003X
140202330809252
152630196203030174
140203310717122
142327430506492
140622195704254274
142124196308113615
142124196411120610
140322197103316639
142322450921652
140203197710022929
142723340311081
142128196005206019
142733420918451
140113550224352
142222540324002
140622197002112617
140303200207230413
142130196704163515
350126195507101866
142323570708162
140203200304025010
142122196209256538
140211196412113035
142424196006163517
142202196608021912
142125196103276126
140622197312205616
14212319681208102X
140622196304155618
140481200903293623
142122195601285013
140203200912230122
140429551110162
142424196610023510
140303200309223038
140481200708024014
142124196711094215
140203196306271638
142323340428002
140203196111282935
141082200709030091
140724196508020035
142226196003055715
140103410313511
140202511024102
140112361218112
14260119580919284X
142601420909285
140422196712240415
140222196008199032
142730560329221
372929197503083637
140102591105323
142329196411070038
140423200112020019
142202196410114865
140428201404210048
142127651217002
140202351217154
142732490730402
141024195808070024
140402590907041
142224197005160991
140112300610172
142128460223652
140102470817203
140423201111050026
140428200508100076
142126196902072919
142202196408171035
140202193906212025
142121196010160532
140321196209152715
41272819680720462X
140303200311020424
141181200505130014
142122196608132516
14042219491023288X
13252419570818117X
142124196601051214
142402380913002
140422195308233219
142629330919152
142125197004014715
142427196210085711
142227197203100024
140225197004011825
142132196404174725
142431196009154812
142226196111235211
142131196406235011
14062119671204374X
140622196308266518
142234640312222
140203200301285917
14082619560320002x
142228381031001
140202196411260084
140303420728004
142625192911121527
140411200609070059
140102540312021
140603196508223310
140103331210065
142222590725031
142726380823062
142726390124061
142401440114001
140925200506080065
142122196606153516
141021193511220011
142124196807311819
142222194212203273
130121200302051413
142701430623004
142333390912201
140112370323362
142731194102286024
14052319710125112X
14220119520227621X
142726571211332
14212519671121181X
14010919840128552X
130726198606122510
142201461004272
142625400801042
140103400401122
140502431105001
142222410101242
142222390109241
140429199306010823
142429197905132817
14030220150501002X
140311200209230919
140926196108220023
140203630508323
140423331014402
140411196004025643
140222196801256047
142124195603018632
142223193804100616
140103611204002
140104197908084114
140225196707054325
140303200510040022
140427200705070068
142122195611121514
140203551220082
142724380305052
142601370409972
14262519640610111X
142427196504226014
142121196510182439
142433351116001
142130196511171025
140203350902321
142122195904195517
140411351228362
140203196905174725
142427400801031
142222197406240332
14048120010729641X
620503195308160313
140603196312211932
140203198412063938
140303200612090020
140311200708140045
132523196909012514
140102570714406
142321460828061
140103381018004
140481200503282810
140321200501011214
142125195112204517
140225196912153437
142733195012211210
140111195703182823
142431196107026611
142202196904265073
140211194502151343
142122196302096014
140104320626132
142202197112130896
140225196309270815
413027196203183617
142224195311201019
142702410909061
14032219661229033X
142121196309260511
140104541110081
142323591212592
142625194710091033
142328350211202
142121520926592
142225420120102
140203481208292
140622196203063618
140202610324552
142725194809193211
142124195908080058
142122195508151512
140303197510050015
140624197012293514
140212196802101829
140103330430392
140781197008060067
140202195703290559
140429195905060437
140729196310310039
142324541030272
140422195708112838
140431470725362
140422194802202827
140311198006182419
142128196603201015
142325711022221
142727360920031
142324390324572
140103340803332
140104430719314
13243919680811316X
140481196003136447
142121195907067119
140203200408247611
142227195909074711
140211196812153036
142329300729181
140203195709264526
140303197310290823
140203541212085
140321197008115138
140729200412150119
140203196910222947
140402195704202849
142326196303010637
140203371129233
140581460424812
142122196206211019
142625197604272782
142202196506051619
142322196610091064
140621196503100517
140481197305055612
142122196409126527
142202196411290991
140225200603190022
140427380307242
410824193708012520
140402540402161
142124196905073615
140203370926082
140103195912030033
140227195705215058
142130470317152
142324401025271
142622390728002
140303381226002
142401400726182
140431301202562
140924195406260026
140622195303111619
140181196704191418
140111197309040420
140481199412076012
141124200906020062
142225196409104015
142424196807147410
14260119681023102X
140481197703054017
140112461215004
140981200702110162
140203200210240035
140102560213081
142202197206210897
142126197104124723
142122196811236011
140303196908170813
140109200401146845
140425196806110012
142128196112011014
142427196112080917
140724200605280110
142424196309075338
140112230505382
140211197004041348
14212119751026341X
140111196407233512
140429197911155618
140203460606473
140112300919001
142222320424002
142321197203270047
142323510321252
140511194601052355
140202197507305548
140113580831432
142723196504172045
140203480117042
140123310108201
140303510515204
140830199702050023
140103350422572
140202197910156044
142732195003130017
140112331011242
141024195707052732
142602591221204
140225196205185923
510128500308802
142128620503054
142202194109270958
140112460730241
141125199008200054
14102719550228001X
